( 1.13424033570912 , 9.95834743661035 )
( 1.1377865617936405 , 9.887614206009395 )
( 1.1386857999849842 , 9.880062437850539 )
( 1.1462053740001488 , 9.769018017276762 )
( 1.183593349150873 , 9.721105291104207 )
( 1.35101358306015 , 9.685917496845917 )
( 1.4354506157609739 , 9.629092372652313 )
( 1.4700327369611275 , 9.574320611527574 )
( 1.4922486300259659 , 9.540376053050819 )
( 1.503827806234572 , 9.530801972617372 )
( 1.5088624870885794 , 9.475479447002531 )
( 1.5377463232083792 , 9.286774675088413 )
( 1.5907003480428374 , 9.275434267781732 )
( 1.6277446790286343 , 9.12697209072746 )
( 1.6415820701759158 , 8.985965389149825 )
( 1.6732763171832048 , 8.982272052411808 )
( 1.7114900084430817 , 8.920604899809838 )
( 1.7850484358057876 , 8.891606421254469 )
( 1.8621475113020116 , 8.838805884773674 )
( 1.9807237206180657 , 8.81364801874216 )
( 2.234178778444711 , 8.675218045716807 )
( 2.569203176306978 , 8.668323875549337 )
( 2.610461466019939 , 8.63804378631788 )
( 2.6213210973682344 , 8.592325161597753 )
( 2.6241993691222083 , 8.556596632123915 )
( 2.701989078028592 , 8.533068289950375 )
( 2.915012493207596 , 8.489991915170034 )
( 3.091735870586286 , 8.45504412334037 )
( 3.10497890896882 , 8.392369277783553 )
( 3.112154364958659 , 8.293696927503234 )
( 3.147182536780911 , 8.237718973562215 )
( 3.1535188015259656 , 8.221371081731625 )
( 3.1781012654236456 , 8.220864603094318 )
( 3.196890758092697 , 8.165288342604189 )
( 3.3198474187271856 , 8.133500851454356 )
( 3.321096461326079 , 8.016741138960597 )
( 3.4756110615339266 , 8.015890853880745 )
( 3.503527122893076 , 7.977763904250989 )
( 3.505400572245568 , 7.882765033030945 )
( 3.5322171454946543 , 7.843702048522248 )
( 3.636336629951822 , 7.832872041020682 )
( 3.8786090502440915 , 7.6262532111014565 )
( 3.9283024862977216 , 7.555857317523427 )
( 3.9537299612762054 , 7.299603505745757 )
( 3.98862165163863 , 7.2992156287986205 )
( 4.022127471301621 , 7.295098519849731 )
( 4.063501077140434 , 7.253351971296899 )
( 4.06912314634627 , 7.177478370890343 )
( 4.082264265702123 , 6.937701911533814 )
( 4.130209598110091 , 6.9204228470572975 )
( 4.207612653974667 , 6.880430031115363 )
( 4.299145058854535 , 6.839371488335221 )
( 4.318570920395016 , 6.797094726558646 )
( 4.325425714048579 , 6.79303879865675 )
( 4.354917054009193 , 6.793036896328444 )
( 4.363991101274253 , 6.771201920464379 )
( 4.374586597233824 , 6.70062004739459 )
( 4.382047614521577 , 6.594797236346466 )
( 4.730355241700021 , 6.5841129783892995 )
( 4.760478615122318 , 6.476643302011235 )
( 4.850346875376302 , 6.374995538049162 )
( 4.860179522848819 , 6.365495408679957 )
( 4.893437756013258 , 6.198671413469426 )
( 4.941770025789796 , 6.164193657175473 )
( 4.943437293918606 , 6.090452731111018 )
( 4.990006251595085 , 6.069153742399941 )
( 5.011529978370027 , 6.063181232276101 )
( 5.0264752275766105 , 5.902068005096802 )
( 5.167886805572619 , 5.897429025338153 )
( 5.215183207368705 , 5.840679530277063 )
( 5.386806694362712 , 5.743651320110284 )
( 5.413425012122337 , 5.73828976247205 )
( 5.437945260086437 , 5.658866012774672 )
( 5.44043798144116 , 5.517319051339575 )
( 5.785976746012933 , 5.4792026620926135 )
( 5.854605659534868 , 5.434870795976138 )
( 5.859963334247674 , 5.423825756056078 )
( 5.9325338188309455 , 5.385607305216665 )
( 5.947763310054325 , 5.378951296658842 )
( 6.021992249293227 , 5.327126002012485 )
( 6.023416204075275 , 5.140681534731339 )
( 6.109646680074625 , 5.127781405998153 )
( 6.12223449735038 , 5.119935710732215 )
( 6.150931776902617 , 5.080528373980815 )
( 6.173994652103334 , 5.004279833425197 )
( 6.187107491620323 , 4.966008586257841 )
( 6.205632036684796 , 4.965433493976572 )
( 6.222796111243354 , 4.908730725071629 )
( 6.229192092074664 , 4.813306929097929 )
( 6.2611935961020615 , 4.792854495604599 )
( 6.269065686055452 , 4.767612385640856 )
( 6.307631428881185 , 4.712277253712578 )
( 6.3521140223407855 , 4.7009717658894745 )
( 6.496110012706252 , 4.6093925993923985 )
( 6.6191553759131185 , 4.590470623426854 )
( 6.646026910393658 , 4.353594870154284 )
( 6.767033111215679 , 4.1997576477871625 )
( 6.787943956679128 , 4.0953462356276376 )
( 6.78822909326671 , 4.073703927263235 )
( 6.878613806144489 , 4.006554155012226 )
( 10.024378490922611 , 20.956971388415113 )
( 10.039567827997695 , 20.726378623373225 )
( 10.07631623649822 , 20.706763924332236 )
( 10.09493435068147 , 20.542216936486902 )
( 10.149587571479126 , 20.48997922668336 )
( 10.157352033733101 , 20.401063252172484 )
( 10.190600864634145 , 19.832601802013055 )
( 10.198179578797781 , 19.761562367037506 )
( 10.262033122351932 , 19.408137424239122 )
( 10.303081808023439 , 19.20745277753388 )
( 10.316211347972448 , 19.148526282003335 )
( 10.333273584460404 , 19.124876241623035 )
( 10.396858331111288 , 19.109535998545347 )
( 10.460404312050711 , 18.97893639919913 )
( 10.522191139969376 , 18.821410443964346 )
( 10.546070820443655 , 18.731103253844687 )
( 10.589200182348428 , 18.5937791445936 )
( 10.719893232892305 , 18.405966864180407 )
( 10.720222060953718 , 18.357203414773153 )
( 10.755869009862483 , 18.212759586323934 )
( 10.764606128473757 , 18.025638080898318 )
( 10.81269430716111 , 17.554688383472214 )
( 10.818198282616029 , 17.54062642017248 )
( 10.919776043085957 , 17.492600832181814 )
( 11.036463980491652 , 17.468859459414738 )
( 11.099216617049791 , 17.36586374820983 )
( 11.102400649326913 , 17.121125158568496 )
( 11.20113747083865 , 17.101038518338868 )
( 11.259922368371877 , 16.301904195493158 )
( 11.342393007005295 , 16.05946964611329 )
( 11.378108950101122 , 15.857323881688439 )
( 11.398548688669036 , 15.514365549011345 )
( 11.46061195386821 , 15.472515869044985 )
( 11.536076955708339 , 15.43923918844037 )
( 11.54522738241239 , 15.324700468479946 )
( 11.561993042640848 , 15.29077755719606 )
( 11.564451194289466 , 14.89244097149656 )
( 11.574147563907932 , 14.572585848029 )
( 11.582844254780843 , 14.534521951002692 )
( 11.588011501429724 , 13.852870741611966 )
( 11.608621160516002 , 13.70886633363425 )
( 11.617184798675456 , 13.701692590337668 )
( 11.631388942809567 , 13.574581525426801 )
( 11.662175092494783 , 13.489415635114547 )
( 11.69369236926416 , 13.450304655797549 )
( 11.71707104558504 , 13.446642846786814 )
( 11.740970851494858 , 13.446075324732725 )
( 11.773458950541373 , 13.419401601026413 )
( 11.782875859164069 , 13.417234913238929 )
( 11.857237080840353 , 13.187636928480304 )
( 11.934162563567373 , 12.714894251382715 )
( 11.988823508733116 , 12.602311219648822 )
( 12.010945749984524 , 12.242892756503622 )
( 12.090049496243461 , 12.186883397996908 )
( 12.142546241932761 , 12.126978800608143 )
( 12.188566542353474 , 12.06528290138513 )
( 12.253466204772835 , 12.052950280993333 )
( 12.302699788392456 , 11.948894410285245 )
( 12.31485324972098 , 11.832344213176839 )
( 12.372236120426809 , 11.808847394096263 )
( 12.40414662322042 , 11.757064757345459 )
( 12.427608527348916 , 11.641463248272856 )
( 12.428574336802788 , 11.475083297811345 )
( 12.521037119188 , 11.39063312936617 )
( 12.543487415969333 , 11.381742727840606 )
( 12.581020595014515 , 11.361165296996276 )
( 12.60431780376179 , 11.317232226361131 )
( 12.620492517921612 , 11.230688237599901 )
( 12.623073102421106 , 11.204601159429341 )
( 12.659196571021342 , 11.035543997056564 )
( 12.72617669289728 , 10.926979980975956 )
( 12.78739679816313 , 10.724999976175763 )
( 12.845530870166806 , 10.411434183633368 )
( 12.890808906286615 , 10.360144417826726 )
( 12.896958695823123 , 10.210325899739537 )
( 12.919795056009164 , 10.094540582956112 )
( 12.993363156645406 , 9.714661337286651 )
( 13.00152778504643 , 9.709826656902559 )
( 13.002952455211881 , 9.141998291001503 )
( 13.037544598208893 , 9.071020940079945 )
( 13.052602611661621 , 8.851462751346176 )
( 13.140521847720247 , 8.001258676599528 )
( 13.15392900026794 , 7.9169171220423475 )
( 13.158717965212816 , 7.842471674014611 )
( 13.168370717686944 , 7.806249028222151 )
( 13.229923385637328 , 7.319760362577242 )
( 13.325762362888636 , 7.059926027912864 )
( 13.387726642348555 , 6.915991157630431 )
( 13.437469596302291 , 6.781072664781657 )
( 13.447159574663129 , 6.583265468364111 )
( 13.46529747112077 , 6.411967476270343 )
( 13.466364659392909 , 6.410919676501326 )
( 13.51069889369697 , 5.987363817896824 )
( 13.573106369098745 , 5.8403264796230125 )
( 13.735917721445691 , 5.550023807699258 )
( 13.796302940054233 , 5.475121574365515 )
( 13.821803011549859 , 5.297539179210979 )
( 13.89853230207251 , 5.1495074716568805 )
( 13.915226932645005 , 5.114603158381254 )
( 13.939051310828805 , 5.055089043476597 )
( 14.00167254975213 , 3.001557699514385 )
( 14.014474822430664 , 3.013217463926292 )
( 14.033823754208314 , 3.075444028886349 )
( 14.056511948228861 , 3.0839233177675824 )
( 14.09053137219743 , 3.0840512273540437 )
( 14.108803509733265 , 3.1323805197706003 )
( 14.130089899423854 , 3.1420740411761883 )
( 14.217222200801801 , 3.1480967728760323 )
( 14.258916228418082 , 3.1572172262737235 )
( 14.285395588060359 , 3.2224456811787174 )
( 14.304468486148028 , 3.242866326350872 )
( 14.30631100532582 , 3.2483532152310954 )
( 14.422035075533492 , 3.28322037700313 )
( 14.437344732588734 , 3.2897118667059524 )
( 14.450049189963067 , 3.2930223544172534 )
( 14.635612290490762 , 3.302154685864772 )
( 14.734986775996166 , 3.3100274715156504 )
( 14.798794743504665 , 3.334764181862646 )
( 14.844772511571108 , 3.33504976037052 )
( 14.859468055250122 , 3.3365766257528175 )
( 14.97587372395296 , 3.346028473320378 )
( 14.990140797009033 , 3.367332288171729 )
( 15.059380375541984 , 3.3730877723478327 )
( 15.20471299736084 , 3.4409379694050513 )
( 15.289024692014436 , 3.452632106820991 )
( 15.304802768272545 , 3.488739642558035 )
( 15.320960639938187 , 3.5181189644917508 )
( 15.356378796073667 , 3.6317613012978676 )
( 15.390129403481728 , 3.646420547902286 )
( 15.424200013557183 , 3.6937407149758825 )
( 15.491789179685924 , 3.703687784929773 )
( 15.499138751461794 , 3.7736506263124188 )
( 15.564305427642665 , 3.7824562436679345 )
( 15.56600602094061 , 3.822227414193944 )
( 15.577546765868863 , 3.8229491209167277 )
( 15.609854290659767 , 3.8408443993596135 )
( 15.692481608805732 , 3.8445494544408123 )
( 15.756119019719101 , 3.8534671282296573 )
( 15.77104748682016 , 3.867254062093345 )
( 15.77625945664486 , 3.8739294160310864 )
( 15.931042633138437 , 3.9256921695401346 )
( 15.931976860312428 , 3.9412347922122235 )
( 15.982143308676608 , 3.9469509032710306 )
( 15.992237106357427 , 3.9560097422078404 )
( 16.154807452106468 , 4.033658007917901 )
( 16.155001485784823 , 4.036659106628623 )
( 16.181879984372927 , 4.043481782640486 )
( 16.308780759063676 , 4.065396756274127 )
( 16.317463971130547 , 4.084414788883732 )
( 16.34714982945434 , 4.089931270844668 )
( 16.375091479128013 , 4.0903757033677355 )
( 16.385276610657428 , 4.092691332770707 )
( 16.43721895652988 , 4.118683508352908 )
( 16.48523788750397 , 4.12094977777738 )
( 16.490203418116405 , 4.1613296026713416 )
( 16.495374219122564 , 4.166301856013734 )
( 16.495465860645623 , 4.189610141481205 )
( 16.505043711519498 , 4.208727319724962 )
( 16.55694976797839 , 4.228656014018451 )
( 16.655747736580512 , 4.255288162364295 )
( 16.722578796520388 , 4.271798692015179 )
( 16.735452000044436 , 4.2948181675874535 )
( 16.738990264371786 , 4.295142630768237 )
( 16.940144796883068 , 4.298602332210957 )
( 17.006727120722253 , 4.324202015423868 )
( 17.252104246942764 , 4.3322720379807595 )
( 17.33350374849012 , 4.345580697768991 )
( 17.370638373575577 , 4.34606670318861 )
( 17.396663228581925 , 4.400366385052917 )
( 17.43897219045053 , 4.402004212540733 )
( 17.441417232813183 , 4.437463837846796 )
( 17.507555731199965 , 4.4445327954353955 )
( 17.535643513368917 , 4.462974803274754 )
( 17.56093006117383 , 4.470794459342745 )
( 17.582154774482834 , 4.47146170062569 )
( 17.607144374401624 , 4.489143268924709 )
( 17.634225839318212 , 4.54774637754827 )
( 17.658959370522048 , 4.572473567369619 )
( 17.664434923645246 , 4.61127908585632 )
( 17.704435085527127 , 4.61556513768236 )
( 17.74423579181563 , 4.61941312787821 )
( 17.765574204703583 , 4.631501445078001 )
( 17.809515404711313 , 4.655024491534438 )
( 17.847571244301893 , 4.674244562317161 )
( 17.857346675714346 , 4.676938369171754 )
( 18.041455793159763 , 4.685628865447509 )
( 18.104457562185814 , 4.7239651519471115 )
( 18.17592570024738 , 4.7714365817983175 )
( 18.207250440716976 , 4.788150584649863 )
( 18.322654854707828 , 4.811019472581042 )
( 18.470083494499967 , 4.830402591877311 )
( 18.482587067451853 , 4.844296795752147 )
( 18.72104489454084 , 4.848034060685844 )
( 18.723873237379124 , 4.870572975574041 )
( 18.7344729234454 , 4.893966036647805 )
( 18.807563719617338 , 4.922662774935699 )
( 18.83639937654349 , 4.940928186732441 )
( 18.837076138810524 , 4.962677230787596 )
( 18.881936168186577 , 4.988724959214922 )
( 18.94610118831754 , 4.997388993141012 )
( 19.023468757270074 , 7.948804103097298 )
( 19.04403472629992 , 7.8683370068172 )
( 19.04619005694562 , 7.850802673019369 )
( 19.059207437248734 , 7.625151520661849 )
( 19.06310668253678 , 7.586010097909175 )
( 19.063827500114648 , 7.573240522271341 )
( 19.074303400584945 , 7.436214025234362 )
( 19.081890157937917 , 7.31081575233456 )
( 19.161135814733118 , 7.137433794591269 )
( 19.19956562728534 , 7.087465818049452 )
( 19.22053860088582 , 6.938616859714157 )
( 19.23133858198565 , 6.909284718003818 )
( 19.248157434836372 , 6.821952131302082 )
( 19.25177601896831 , 6.756557861450722 )
( 19.303060737812007 , 6.700981721727432 )
( 19.31591403867308 , 6.601445973166786 )
( 19.321508150324593 , 6.549146978350187 )
( 19.32434816107663 , 6.492827180520477 )
( 19.352183071491062 , 6.367332662329093 )
( 19.363133478882194 , 6.290736481061687 )
( 19.36547720180723 , 6.265845822589184 )
( 19.404352399326832 , 6.112421183162197 )
( 19.42510939557375 , 6.102739803365975 )
( 19.451513676694823 , 5.891084654159304 )
( 19.463068355119574 , 5.867124951529689 )
( 19.468049516738656 , 5.859555183311063 )
( 19.49045290328907 , 5.783134524107871 )
( 19.562872637311393 , 5.769184543218669 )
( 19.572810629790027 , 5.687068234692926 )
( 19.579967486138074 , 5.561809024306564 )
( 19.58954529469204 , 5.412714386826208 )
( 19.60886433774619 , 5.356781196335468 )
( 19.680442170488853 , 5.243925062193808 )
( 19.680977762666725 , 5.155352650790006 )
( 19.720958280906775 , 4.983859190389476 )
( 19.758497761255366 , 4.871909674991384 )
( 19.77051058577905 , 4.741457365589255 )
( 19.79914495886872 , 4.737072367562911 )
( 19.80304736508673 , 4.6650321705426006 )
( 19.83168664916338 , 4.583531116556132 )
( 19.86266672624281 , 4.54022149590471 )
( 19.893136844295633 , 4.451063706018421 )
( 19.9349650356603 , 4.429204855769569 )
( 19.945415461716696 , 4.414641739221566 )
( 19.98765522280928 , 4.407804428483134 )
( 19.99845340853622 , 4.364217793155583 )
( 20.02552238232647 , 4.338956199672508 )
( 20.06252883567776 , 4.306654429451505 )
( 20.063637902000632 , 4.276052778095556 )
( 20.065720709803248 , 4.26987973819419 )
( 20.08220236744143 , 4.253505846454631 )
( 20.088148357390747 , 4.228637603281286 )
( 20.103000772600538 , 4.2099934016498555 )
( 20.110515378086802 , 4.044656334412289 )
( 20.118754381202592 , 3.9570361130998064 )
( 20.142847305021277 , 3.8909535433637163 )
( 20.165512562780446 , 3.809202736239011 )
( 20.23398249833891 , 3.788416461388705 )
( 20.24656421670191 , 3.745044278695067 )
( 20.253491867390814 , 3.7339289328135425 )
( 20.266003960610192 , 3.6361192253963717 )
( 20.299277500021518 , 3.575661676374292 )
( 20.305236670780978 , 3.5274940564034933 )
( 20.309242470831972 , 3.4364876615463027 )
( 20.316975901020886 , 3.3608438577636184 )
( 20.327493502366423 , 3.3130560556260846 )
( 20.32917343254496 , 3.268259518339076 )
( 20.404403772574547 , 3.1947048228777284 )
( 20.416138043529013 , 3.0331721824528284 )
( 20.421321338310968 , 3.0178027994902 )
( 20.489237432427036 , 2.9317541519009183 )
( 20.49248970532818 , 2.9265104962678734 )
( 20.506168908373933 , 2.8880425199949515 )
( 20.510745750800172 , 2.6330955587292237 )
( 20.55306715386925 , 2.587672853922953 )
( 20.559099081973795 , 2.2235335603399626 )
( 20.575454793481242 , 2.21710845892812 )
( 20.612459609433074 , 2.2009712888715205 )
( 20.6306986181578 , 2.1295282994371894 )
( 20.646810278507395 , 2.1147458679291873 )
( 20.701741814644617 , 2.000352110213136 )
( 20.72643258735798 , 1.9831853426569177 )
( 20.729436861928423 , 1.9806068080679262 )
( 20.739730390925416 , 1.8927118606337245 )
( 20.74818483282912 , 1.8294243803870316 )
( 20.780856188962467 , 1.7514103274302695 )
( 20.80552719241735 , 1.7343222898391835 )
( 20.819598271611767 , 1.6326872070297735 )
( 20.82340364981456 , 1.6199979838646206 )
( 20.827983047234163 , 1.5287096543531407 )
( 20.866481332098918 , 1.3914789335879512 )
( 20.879048076300194 , 1.387779937621878 )
( 20.88066610492401 , 1.3716689276041798 )
( 20.895690774012166 , 1.3596631952655605 )
( 20.89638249568707 , 1.3504439744680132 )
( 20.89646439001055 , 1.3493143473682805 )
( 20.938762047029044 , 1.3360115700195347 )
( 20.95702807364453 , 1.280848704640281 )
( 20.995082785221854 , 1.2159519732417001 )
( 20.99527414319256 , 1.0068680868152082 )

​

​

​

